game,trial,type,choice,mapped_choice,reward,horizon,choice_numeric,prompt_hash
1,1,forced,2.0,Z,66.0,1,,
1,2,forced,2.0,Z,80.0,1,,
1,3,forced,1.0,O,29.0,1,,
1,4,forced,2.0,Z,75.0,1,,
1,5,free,,Z,81.0,1,2.0,af6932d2f7a470b68c6b1702d92bb7b5d8105a94522deff3b29c00eb35ac0298
2,1,forced,2.0,Z,69.0,6,,
2,2,forced,2.0,Z,50.0,6,,
2,3,forced,1.0,O,51.0,6,,
2,4,forced,2.0,Z,64.0,6,,
2,5,free,,Z,56.0,6,2.0,8b75f1e46500efa73cbeea58da626186346e067a91fd7e08f8964a068ba92570
2,6,free,,Z,54.0,6,2.0,2c38297a2fc0772bb1d2b749b1d80e4c4ca5c110ea39758e91b070c148f14bfe
2,7,free,,Z,64.0,6,2.0,6084b47e150b322a4223385f12338af9fa878e7d49502fc7b686c3d7ee08a14d
2,8,free,,Z,64.0,6,2.0,0261f781876f001beb5a61a97102976cdf230ac7ed771b91a66b3010d530bfab
2,9,free,,Z,57.0,6,2.0,9b1153705a27104f190c992621992317c88b74c4c587ef3a3912286a3a79a7a3
2,10,free,,Z,67.0,6,2.0,6bda5d4181700789964aac44a11e8ea68d19a8597d641df37b7d091b687db0aa
3,1,forced,2.0,Z,31.0,6,,
3,2,forced,1.0,O,43.0,6,,
3,3,forced,2.0,Z,26.0,6,,
3,4,forced,1.0,O,36.0,6,,
3,5,free,,O,26.0,6,1.0,76d25484ac60c48e9ce66a298d00df501405f11013aa0ab480decacb8a0a5090
3,6,free,,O,41.0,6,1.0,fbac4c04fd36a325fc9f0a5b829233f1593fe29c5acd527618b358e9b3c8f1dc
3,7,free,,O,44.0,6,1.0,b6e5c2e5ccbaa7feb494354884032f3ebeddfdde31030b663c764b07e7990d9a
3,8,free,,O,44.0,6,1.0,9bd61e783c56bff43531979a519e19f2a4d1072182814898233fe7cdb1f1605e
3,9,free,,O,43.0,6,1.0,e24077af893b9cdb7032fd4e849d405fd0ab50cd3acde6daa533ff8594f5550c
3,10,free,,O,53.0,6,1.0,3093952928ba9dca1faaf558b34a6173cd016d6d258fe4fea3cbbde7e955ba89
4,1,forced,1.0,O,65.0,6,,
4,2,forced,2.0,Z,77.0,6,,
4,3,forced,2.0,Z,52.0,6,,
4,4,forced,1.0,O,73.0,6,,
4,5,free,,Z,68.0,6,2.0,85446c53fac8232196f78f48da523aff1439e9357841933b8b42cd7c4256cc21
4,6,free,,Z,70.0,6,2.0,044f6212a901526f3a7de4b871e821e48c1569f7f09c5b8a40855164df501fca
4,7,free,,Z,56.0,6,2.0,aecf59fc5738be8c64614588b781820bfb4086517782b3d4233fcbd81466f5ae
4,8,free,,O,67.0,6,1.0,244ffcf2408b73ee055c1da0d3623db6c53252b691098560fdf81bd352056f9d
4,9,free,,Z,62.0,6,2.0,05f7ea047bf0e7e88acf33a6c06a741b2cfae1c4e144d3f7804dcf07fe1f359b
4,10,free,,O,68.0,6,1.0,fe67b6ba7ac08325eb4889687fc07395347396c0e3b20515b1784b1f1fd34a4b
5,1,forced,2.0,Z,70.0,6,,
5,2,forced,1.0,O,19.0,6,,
5,3,forced,2.0,Z,43.0,6,,
5,4,forced,1.0,O,41.0,6,,
5,5,free,,Z,53.0,6,2.0,9c8ffa85c803895e1d90fa2731d6f730d80c1ceee8436a5553274f625bf535b0
5,6,free,,Z,50.0,6,2.0,50a1c8ceb5d881ec45815306e645f93497f873088e4f2eeb83f74b0ce8290bde
5,7,free,,Z,61.0,6,2.0,542d3b1d1c626a2f5d8359d91b38cef458be5a1444ed16ee45a30c713ba4cfbc
5,8,free,,Z,68.0,6,2.0,faed34f23a1516369b7d0e118a0088a6831d7b56a17496fbc875ed1d8fe801b7
5,9,free,,Z,62.0,6,2.0,5243777cbd8df0fe2140a26a38b6d6edee0aec3250add12d816c41d3a48a4d87
5,10,free,,Z,47.0,6,2.0,a14f619c4d67981271314f819e7c165be61331e9ffaf802efe07d41eaa62244e
6,1,forced,1.0,O,63.0,6,,
6,2,forced,2.0,Z,44.0,6,,
6,3,forced,1.0,O,49.0,6,,
6,4,forced,1.0,O,47.0,6,,
6,5,free,,O,36.0,6,1.0,3737c5f288c17dd5a9a83707f1bb9863f2bdfae36dc91be760b687361abf4e17
6,6,free,,O,42.0,6,1.0,38a2252069b036a59766bbad4c34516781d1b46ea116ad2933c4b28bafbf821d
6,7,free,,O,55.0,6,1.0,87b6880618a82c6ba20a913b85ab7c3a6aa18af95eb379e3f5493ff23f611320
6,8,free,,O,48.0,6,1.0,65292f983fc917dc37cd3c57940394533a087fa5940e3234deab35dc5252fc56
6,9,free,,O,64.0,6,1.0,784aef3955b4c915112673db8e62f3ce0e1a288fdc1fbdbeeca5764749bf2df9
6,10,free,,O,56.0,6,1.0,9f3ceeae5c8347441e9688c564227d0ed0029688b28a588dc5ea9e6085a4346a
7,1,forced,1.0,O,61.0,1,,
7,2,forced,2.0,Z,44.0,1,,
7,3,forced,2.0,Z,41.0,1,,
7,4,forced,2.0,Z,47.0,1,,
7,5,free,,O,44.0,1,1.0,7ae869bd808863ff1f5d2499bbe6d16cbf3a2f9457ac90c2a4d4e562c73cd0cc
8,1,forced,1.0,O,51.0,1,,
8,2,forced,2.0,Z,76.0,1,,
8,3,forced,1.0,O,54.0,1,,
8,4,forced,2.0,Z,84.0,1,,
8,5,free,,Z,66.0,1,2.0,bdae2abf256cbf603feac9e55d479247deb653c55820ec6b06ab8a00f7d2568c
9,1,forced,1.0,O,54.0,6,,
9,2,forced,2.0,Z,14.0,6,,
9,3,forced,2.0,Z,15.0,6,,
9,4,forced,1.0,O,46.0,6,,
9,5,free,,O,42.0,6,1.0,a8d8a816c9a625ec61693c4befbeae5c1c2d1716f701c61fef83a6068c21f5bd
9,6,free,,O,44.0,6,1.0,7c732c86e70a23211e675ce0dc33c7b65e143e31051a192fc7b417079386c5e4
9,7,free,,O,45.0,6,1.0,a4a7e0d218e27ba5c436a937b9da0849751dd29413bba9ff859baa02781a5711
9,8,free,,O,46.0,6,1.0,0415b8b23616f8cb94cee7b69789cf3c16cdeed5c66cac2b1d6b4414dc46873c
9,9,free,,O,34.0,6,1.0,6bc232ae66f84c09b64ebb56b5c42b852e5f028706b9557f4b4b9d6c9caa6130
9,10,free,,O,25.0,6,1.0,e934a42092f4de7b9d3132abb8213d83496d0b1025ffa1b04ccb98100e382e99
10,1,forced,1.0,O,9.0,6,,
10,2,forced,1.0,O,17.0,6,,
10,3,forced,2.0,Z,40.0,6,,
10,4,forced,2.0,Z,42.0,6,,
10,5,free,,Z,35.0,6,2.0,363fd9e707434030e7f9eacf53b44a2dd59a6351768fae186e5b49b94992a6de
10,6,free,,Z,33.0,6,2.0,f12fa1653d1c2d5358546f38a3707baf9f3d99d7f9c05b625e0851953ff243b1
10,7,free,,Z,34.0,6,2.0,e360ef96355679cc51f5e3bb657549386179fee88b5aeaeed90f87afcf8df8c9
10,8,free,,Z,43.0,6,2.0,3a9053b596b6dcf3c166a7e8be1cf313b27597d51689888128ad04f162e25899
10,9,free,,Z,41.0,6,2.0,f2823061eda3d76e605736f3ecf5e681bdb02b40966918f62f45bd515897790a
10,10,free,,Z,49.0,6,2.0,de4035ac292cb8baa3f929460f13a1cd485220f24cc6f61accded0b1a1da0479
11,1,forced,2.0,Z,61.0,6,,
11,2,forced,1.0,O,52.0,6,,
11,3,forced,1.0,O,48.0,6,,
11,4,forced,2.0,Z,67.0,6,,
11,5,free,,Z,42.0,6,2.0,963b26f0f23efb558a85efec0d549c63122dd654e7e16643af0bf1eaf62f11d8
11,6,free,,Z,56.0,6,2.0,a34e780c9eff02d490f7c7450179ec74f6c43147bccdb2d0246bd533b747a886
11,7,free,,Z,58.0,6,2.0,4351653030243879aab7294c0eb612780c9ca39de4fccae6627a4a9f7ef6a561
11,8,free,,Z,66.0,6,2.0,2bea322f30a25baf17cf39afaf4328fe2513331f0be8c84cd91154ab3e2e305b
11,9,free,,Z,51.0,6,2.0,c9d3a2d4f44c3262091e88d1428f3e70e0a5fc6f9082003d3e7ae6b22e103b37
11,10,free,,Z,70.0,6,2.0,626f19d8675244179c69bee188a35f8bb9fe176570ab2a40a8d3a76335fdd255
12,1,forced,2.0,Z,32.0,6,,
12,2,forced,2.0,Z,26.0,6,,
12,3,forced,2.0,Z,33.0,6,,
12,4,forced,1.0,O,10.0,6,,
12,5,free,,Z,51.0,6,2.0,d54ff0d753597af5f051b7cbcf1a04e5022bef2229dff10aedaa5d256d163c5b
12,6,free,,Z,43.0,6,2.0,23e47ca606e9c90137a8b4eac277fff826995d3ee3772c5d87e6e88278e5b6b2
12,7,free,,Z,44.0,6,2.0,be54e99a14aab2aa42b8c491720e7be2754c3bbc7ab8292f2f3b430be18ca416
12,8,free,,Z,29.0,6,2.0,e29f6395deca0becc4696a082c4dd4fb0e7d4eb9653b4661d759c8e063be6ba0
12,9,free,,Z,43.0,6,2.0,44b6ead738aff9831a81b94a0069725a221452ac109067d6da7abe4119747c60
12,10,free,,Z,38.0,6,2.0,e5b6607e8a410e8aa8ae69772fa9da4a11a5aba26cce2b0ed19d4ee0c1c7a58a
13,1,forced,1.0,O,66.0,1,,
13,2,forced,1.0,O,79.0,1,,
13,3,forced,2.0,Z,62.0,1,,
13,4,forced,2.0,Z,58.0,1,,
13,5,free,,O,88.0,1,1.0,834acff861cbe47341a18be8b40dc888771ee2d5d3d520ec83e6a1f1f6300de1
14,1,forced,1.0,O,52.0,6,,
14,2,forced,1.0,O,60.0,6,,
14,3,forced,2.0,Z,53.0,6,,
14,4,forced,2.0,Z,54.0,6,,
14,5,free,,O,69.0,6,1.0,0bd920778f531adcd14a6151bb25f6c7fb397128c9de43a69e36f2e6a6cde3c2
14,6,free,,O,61.0,6,1.0,14a67d225f0e13d5e3f40076060848223196c728209eb13404657c226164cf12
14,7,free,,O,57.0,6,1.0,4cc36250d25b8203d78924546a58eae098a797ac6d6859c046d6e94ef7db08ab
14,8,free,,O,66.0,6,1.0,d7bfb083a1badd1ece6859b2fc1be9ec8836d6093b61c68f3cee7773001e7be5
14,9,free,,Z,65.0,6,2.0,85b3867ee5692405fe5f86efdf4151cb2b707b3b25468630d686d8efea37ed1c
14,10,free,,Z,66.0,6,2.0,6a56b0c7cc998fabc9662d5fac1a5fd5490fbede8556fd8f459f7480dd0f74bc
15,1,forced,2.0,Z,47.0,6,,
15,2,forced,1.0,O,73.0,6,,
15,3,forced,2.0,Z,53.0,6,,
15,4,forced,1.0,O,82.0,6,,
15,5,free,,O,81.0,6,1.0,e61cfc80e6f414e0f8e751d79e74845cd76ef76556fc4c795e2f4ac879360805
15,6,free,,O,81.0,6,1.0,bcb52886e4d11a99cc4047e36f09686107dccddeda7a5c894fc06707cffe8d23
15,7,free,,O,88.0,6,1.0,316f5cf550cb09b921c5b8ac9c0db8e500ff88e20f1661d5ef9c7f4cd782d638
15,8,free,,O,95.0,6,1.0,12976ae3ee99c756005b44fdf2a2cf5519bb1576a070e1089797a5e4626432f8
15,9,free,,O,85.0,6,1.0,fe5867f68825f1308aecd1a7db8ceffbaf8fb28eb1fea114a961925984423298
15,10,free,,O,65.0,6,1.0,a6fb55134e271cfaabe8dc4574b86d12385dfca4718689b17a8a9648d312b1ee
16,1,forced,2.0,Z,54.0,6,,
16,2,forced,1.0,O,86.0,6,,
16,3,forced,2.0,Z,46.0,6,,
16,4,forced,1.0,O,77.0,6,,
16,5,free,,O,77.0,6,1.0,0c5aa7f578d28562caa01bb5c875fbd46ab800d7948738c1ad8587f993dee0e6
16,6,free,,O,90.0,6,1.0,057b66f693dbb905bca186abc2ee27ee434aca2afe1a5a90ff07848c17b98a06
16,7,free,,O,84.0,6,1.0,ddcd1fb5396e888234449602cad9c478f60995c6329ccef7ae1de11e8cb4d62f
16,8,free,,O,91.0,6,1.0,bda93a568046de399d01bc1e1bfa7ed6434796a7e2e2f522667fdfe424550893
16,9,free,,O,97.0,6,1.0,7061733ea7d56322b63c4b478506089515e9a5fc3f50c0116145f9aa8f5464ad
16,10,free,,O,99.0,6,1.0,956212443ef279a7d1013a9af87f67defd28b9c86008ce9f86c4271b1cc427d1
17,1,forced,2.0,Z,71.0,6,,
17,2,forced,1.0,O,61.0,6,,
17,3,forced,2.0,Z,73.0,6,,
17,4,forced,2.0,Z,44.0,6,,
17,5,free,,Z,71.0,6,2.0,58f01e869e0944bbe1d0edc7dd535e3d73d47127af5af0e8190767b32497d873
17,6,free,,Z,58.0,6,2.0,129e47d2923ac24e66159a3097ac5a088b3ddc43bc1314f3d286f268303770d5
17,7,free,,Z,55.0,6,2.0,520318222368088b042b539a2a86906278a4fd095be896e040a07fe79ff4b423
17,8,free,,Z,58.0,6,2.0,4a7bedbb4f47551bd8bb7d6cac9f40c48d7f92b773bf21d1de7b25f40d3a440a
17,9,free,,Z,49.0,6,2.0,4090ae8c9050b303cf5c263913617c04e113d81acec1ebcde6fa07293dd6dec2
17,10,free,,Z,56.0,6,2.0,c85bfc85584106c3707dd86c777ac7058c8de295e511dbafa12131ab3acc2088
18,1,forced,1.0,O,75.0,6,,
18,2,forced,1.0,O,46.0,6,,
18,3,forced,2.0,Z,65.0,6,,
18,4,forced,2.0,Z,85.0,6,,
18,5,free,,Z,54.0,6,2.0,a8067c4287f9717a6713ff553ea0985a067748cea68f29ae3a997d20253faa64
18,6,free,,Z,60.0,6,2.0,3f890ce7d4bc87caed446f9638a46b5fa8a505e24eecb650cadbb1675424deb2
18,7,free,,Z,57.0,6,2.0,56dcb2341823e41d572cad8b66ddb34ca7d421c42fc64ef4a43e88fb0598e8e8
18,8,free,,Z,54.0,6,2.0,dd7c7eb4972a20f3bade00c6be49c4dc425b32a6d0ea6311dcc3f4b3ebf1398b
18,9,free,,Z,81.0,6,2.0,fe79e6b3fec142f89dc5a215b2f1d41cc66a1bbb6b1582228ac202c9619de9d9
18,10,free,,Z,74.0,6,2.0,ff165694118f16be099d8db07f1d642f800e61f31488fe006119ef25224ec705
19,1,forced,1.0,O,52.0,1,,
19,2,forced,1.0,O,70.0,1,,
19,3,forced,2.0,Z,58.0,1,,
19,4,forced,1.0,O,44.0,1,,
19,5,free,,O,57.0,1,1.0,044913f1945233edc96b4e596e555bb33cdcfcf3ca55eb08b7954d36855db935
20,1,forced,2.0,Z,26.0,6,,
20,2,forced,2.0,Z,35.0,6,,
20,3,forced,2.0,Z,41.0,6,,
20,4,forced,1.0,O,33.0,6,,
20,5,free,,Z,40.0,6,2.0,aea4d6d025885fd3a1b321f2485bc7b4411675da10506d892f40d98fbeb8957c
20,6,free,,Z,21.0,6,2.0,b3d4e6b0b4413657b19ad1f0445f2f63e686aa683201b1c69765e917bf37d1bd
20,7,free,,O,37.0,6,1.0,8ea0cf3b425399d6b6bf9887fa01b568ece5a0ee74eca33bc37dd09659b0bfe4
20,8,free,,Z,33.0,6,2.0,92b18756e0f81e627dae7594805722cb4da483a7aec69846b2397aee78147c10
20,9,free,,O,51.0,6,1.0,e8f1c87817d0c243e735e8c2c7a57ff77465a8e379398da6e13e10486c4285d9
20,10,free,,Z,35.0,6,2.0,cd1b8fd82ed46a5aa2797c3fb810d530498a6d71378035147e7667d199ad6e00
21,1,forced,2.0,Z,36.0,1,,
21,2,forced,2.0,Z,39.0,1,,
21,3,forced,1.0,O,21.0,1,,
21,4,forced,2.0,Z,32.0,1,,
21,5,free,,Z,51.0,1,2.0,93ebe4422ba3f98fb268bd097b6d73c8608fee27ca7711cd119bdf1c680bea68
22,1,forced,1.0,O,81.0,1,,
22,2,forced,2.0,Z,55.0,1,,
22,3,forced,2.0,Z,61.0,1,,
22,4,forced,2.0,Z,61.0,1,,
22,5,free,,O,80.0,1,1.0,0c1ab6a9e8d4e5448b05268755b4a68cb96762a16faaff367d8cc0523e0b28ce
23,1,forced,2.0,Z,43.0,1,,
23,2,forced,1.0,O,33.0,1,,
23,3,forced,1.0,O,51.0,1,,
23,4,forced,1.0,O,41.0,1,,
23,5,free,,Z,43.0,1,2.0,1092f675e98bd72589bef5c22c5d3d9c925f5dc3fd9982194201a8bd257c8778
24,1,forced,2.0,Z,46.0,6,,
24,2,forced,1.0,O,46.0,6,,
24,3,forced,2.0,Z,32.0,6,,
24,4,forced,1.0,O,65.0,6,,
24,5,free,,O,60.0,6,1.0,65a4af428beaef447c3529eb6bc27f1c104711c3d7be55f0284be52e3db8cdc1
24,6,free,,O,56.0,6,1.0,4893eae0a9033173efbd21f71349cc1fe4fa1480f9cc6711fcfa4f4d5a4e9ba2
24,7,free,,O,62.0,6,1.0,c1deba16604b3161c8ddb8045b03d8904d11d3031ab75bda292576b173d9d980
24,8,free,,O,70.0,6,1.0,f1e73fe8d2b582abf5643b590c98563046dab2036c6d960efc6f3ac3e9752e50
24,9,free,,O,69.0,6,1.0,5ae431a05c431ec4ba1dd3968412b14018bb5894aad039b38453af2d924ba7f6
24,10,free,,O,43.0,6,1.0,f1083ebcfabe6d1acdfa15b94b2e786a45e4b95df54f4fc637bf2589c735703d
25,1,forced,2.0,Z,58.0,1,,
25,2,forced,2.0,Z,55.0,1,,
25,3,forced,1.0,O,58.0,1,,
25,4,forced,1.0,O,57.0,1,,
25,5,free,,Z,65.0,1,2.0,57de44f660084380d7ac7d88beecae2dc987c199cfde51b76764e439a0c564c0
26,1,forced,1.0,O,23.0,6,,
26,2,forced,1.0,O,28.0,6,,
26,3,forced,2.0,Z,53.0,6,,
26,4,forced,2.0,Z,53.0,6,,
26,5,free,,Z,65.0,6,2.0,f123af0e8448d7bac7be2622bcdbe03c3706d2ebb9f26c9f577fc248611b1916
26,6,free,,Z,47.0,6,2.0,588f1a70eeab87dbde36520a5622bfdb0b2c83152e9c9f86f16702eca2e7c992
26,7,free,,Z,55.0,6,2.0,f32d6d36e30136d6b10f833d1ae42c62580a3e39179e2c6795a54dcaa162d8a6
26,8,free,,Z,62.0,6,2.0,5307567a9a9694381bb6e940e58935b7d5d96baff8f5b4ac43661fa2923a459e
26,9,free,,Z,57.0,6,2.0,cf01fda5a54ffe128cec3a5f8705b7c738116b71d3eb6ef5e56f3a2bb630bf25
26,10,free,,Z,72.0,6,2.0,a3c2bbe97d6ae9f68a355030c3065fea60e7f6c3a28550c90488b54d47a63123
27,1,forced,2.0,Z,50.0,6,,
27,2,forced,1.0,O,38.0,6,,
27,3,forced,1.0,O,40.0,6,,
27,4,forced,2.0,Z,49.0,6,,
27,5,free,,Z,39.0,6,2.0,6064b9d4e5ac02ca0207567bf11135c4da40b2695766590f86a6e016479c3cb5
27,6,free,,Z,38.0,6,2.0,491089a68c350cd29637d689b4f5db4ea8a6a8f401b90e91403cf33577a7ae1c
27,7,free,,Z,35.0,6,2.0,0ea18ea219232c6dbbb75d39657097a74995dd1063d26c9c442586378220e447
27,8,free,,Z,31.0,6,2.0,f4ea8500e43cc71ef2a79e861e09497879e1b4990bcf7a5fc28f390248b7aa1f
27,9,free,,Z,41.0,6,2.0,2f7de87b432e1821e9da065cc85a2817ed9644a2c6caf4ace69cfc4b638a5be4
27,10,free,,Z,25.0,6,2.0,7d2ffc791c94157e117815e56b484198e8785fb17afef84f47ce76c87bf26bc2
28,1,forced,2.0,Z,79.0,1,,
28,2,forced,1.0,O,53.0,1,,
28,3,forced,2.0,Z,82.0,1,,
28,4,forced,1.0,O,58.0,1,,
28,5,free,,Z,81.0,1,2.0,1c3876b2d8b605f704ce758842286cbebed632ab8e13a2879837f37d3b314fb0
29,1,forced,1.0,O,60.0,1,,
29,2,forced,2.0,Z,69.0,1,,
29,3,forced,2.0,Z,52.0,1,,
29,4,forced,2.0,Z,61.0,1,,
29,5,free,,Z,79.0,1,2.0,1e989c2ba25932afea1ffeb4c1b1d08293d1fb84003df1eac3ff332343e008ae
30,1,forced,1.0,O,66.0,6,,
30,2,forced,2.0,Z,52.0,6,,
30,3,forced,2.0,Z,43.0,6,,
30,4,forced,1.0,O,62.0,6,,
30,5,free,,O,66.0,6,1.0,ce8d649f0124cfdf44428ade796366c6c7c800938ff2388b8282a924940cc98a
30,6,free,,O,61.0,6,1.0,bdc2b628ca186650da53b23ce6fe1ba44900d3276fcc146fe4c601f5c1e3bde6
30,7,free,,O,55.0,6,1.0,b36e6a55c1813b35d0e3b44e5567be93aa104a485e1fcc15e59614abb0e45aac
30,8,free,,O,63.0,6,1.0,02fba5376ca7670a9338d1e19dbf3277b53f5aeaf0f452782df3976838c719bb
30,9,free,,O,59.0,6,1.0,0e4f791a47db7034ad1ea78f9c0c6636e29935710171ecfabff0044742362d2a
30,10,free,,O,62.0,6,1.0,aa34061571d7b37fb1624eabba221ee6aea769f7418c29b230c8216e4e5df2c1
31,1,forced,2.0,Z,11.0,1,,
31,2,forced,1.0,O,35.0,1,,
31,3,forced,2.0,Z,20.0,1,,
31,4,forced,2.0,Z,29.0,1,,
31,5,free,,O,38.0,1,1.0,3857f5cbef18fb0c0f96665557f41320d62e9ba8e42e2b708bd16a3bae94f2fb
32,1,forced,1.0,O,74.0,6,,
32,2,forced,2.0,Z,63.0,6,,
32,3,forced,1.0,O,64.0,6,,
32,4,forced,1.0,O,76.0,6,,
32,5,free,,O,63.0,6,1.0,771c0eab3cbd709632ced2a8dbad03fde1afd3f660b2fbc8a6d9913eb50f5346
32,6,free,,O,64.0,6,1.0,c016737d06ce4b46474cfae3324ada54fa5439f621b9967cb11e6e4ddb2f6287
32,7,free,,O,57.0,6,1.0,b82607aa2655cef5a5d4cf7c3bb812832d78b79139295d2edaab00dce8a15c75
32,8,free,,O,64.0,6,1.0,996bad73d5a655038b303a52d2416fe7027db1f21f4839a4fa077397f78ee613
32,9,free,,O,76.0,6,1.0,79d776e0888d87db05f8802ca8e519daa757b4d83bb3aa90fd5d371f22cb1a89
32,10,free,,O,74.0,6,1.0,a61dd20bda347d22cbd5fc50b6e7d7f44ee738621957bb8c57e78b70ceaf2c85
33,1,forced,1.0,O,28.0,6,,
33,2,forced,2.0,Z,40.0,6,,
33,3,forced,2.0,Z,49.0,6,,
33,4,forced,1.0,O,40.0,6,,
33,5,free,,Z,48.0,6,2.0,ba40c60b1a37ab628c11cf1e574bcede9d8e64dddf008bcd54f1633e5cb67e3c
33,6,free,,Z,44.0,6,2.0,9eeab6e2f71d1dfbea3ffa9ce661552895de68ceeea83ab0b80cae991c0bc3e7
33,7,free,,Z,40.0,6,2.0,e3958c1eee8b734f2332d1182de43be416b7a7b82aabbc397935a3a9221154a7
33,8,free,,Z,50.0,6,2.0,7812677615429fa5ef39566278ef7bffd875e43d93e1723ec110e1a2885b822e
33,9,free,,Z,34.0,6,2.0,e7f2a21cd17db925f8e56f105c90457aa1fbd8c167616dbb5f1c0a418e645641
33,10,free,,Z,45.0,6,2.0,b8de26c8ee5b64a7ef5a72b932631849841d97acb6bd39c915670f75870d9d53
34,1,forced,1.0,O,64.0,6,,
34,2,forced,2.0,Z,71.0,6,,
34,3,forced,1.0,O,62.0,6,,
34,4,forced,1.0,O,54.0,6,,
34,5,free,,Z,65.0,6,2.0,487cf5378c8c7d522574ebcf46fd2c2982ad42d931efb695985c0cbe7bcccb37
34,6,free,,Z,83.0,6,2.0,d06e922e3d5324e06415f4aebe9b3dd44393c3cbd80f6f99a803317e10b82c00
34,7,free,,Z,62.0,6,2.0,5d9294dbb9738a47619199875a32e71622944822ea6b32243caeb4e52e7acb39
34,8,free,,Z,73.0,6,2.0,95b34783a905f25a5f7f3ed1d1f11e73dad7de7f1e0d6fdbea437dca7e43b80c
34,9,free,,Z,69.0,6,2.0,7d251ff846c96df2171f178eaeab97022c84c927d68b36f21b6c2953ade249d5
34,10,free,,Z,81.0,6,2.0,a120e1d87af2ca9331c1e37f4cc3fb5ad5bb6b5b1612cc97ca5bf33866935301
35,1,forced,2.0,Z,36.0,6,,
35,2,forced,2.0,Z,20.0,6,,
35,3,forced,2.0,Z,36.0,6,,
35,4,forced,1.0,O,66.0,6,,
35,5,free,,O,55.0,6,1.0,bd55fcf04b12ad32aef4ebe641b03f000fec233ce570efbb0c07a2afb18c7062
35,6,free,,O,46.0,6,1.0,15beb3feaf22b5c2a037c3aeb903e487943f40f83648eaf013d119bcdb48f558
35,7,free,,O,63.0,6,1.0,76ba0d88d62a7a742dae84199a8a6b3aa953de205bec4c343903cce786cc37e8
35,8,free,,O,76.0,6,1.0,0dc9fb9ae785b69498e64fecfc50e3b8370e47e1b5220d8005232f2b3300e9f2
35,9,free,,O,63.0,6,1.0,b7927d6162c10a2822d791332207fe30d1135c5825795dcbc9469cd911f0c12c
35,10,free,,O,59.0,6,1.0,1ec0b14c8d6023091969eadf0a5a5ba31f819d2cb567bdae4466738c88ce99eb
36,1,forced,2.0,Z,99.0,6,,
36,2,forced,1.0,O,49.0,6,,
36,3,forced,1.0,O,59.0,6,,
36,4,forced,2.0,Z,85.0,6,,
36,5,free,,Z,96.0,6,2.0,b9a1237e78ac54b8b886ceba380806e87e14e7126191d73d5a4d5c3e1dde3ae2
36,6,free,,Z,78.0,6,2.0,e72989023cbf8c194ff6a450820bae0320e8d56735a992db4262e0f9efa9ebf9
36,7,free,,Z,82.0,6,2.0,b4f7ac813a8ba0a7e3bbf113da4a10230695511b083fcc85733550b4e8a4218d
36,8,free,,Z,99.0,6,2.0,15546b2321e86667212f0df09e63f7c3891fc3a359bd9d37404377847727ca00
36,9,free,,Z,74.0,6,2.0,f83a9ad2ab1ec3aae944b274046440bfc8029b4eaaf37dc421ee808bb1e8c510
36,10,free,,Z,88.0,6,2.0,282fee9abf4a64270fc938fc64e6a93daa146863119f908633aca00e3ccbfe9f
37,1,forced,1.0,O,42.0,1,,
37,2,forced,2.0,Z,54.0,1,,
37,3,forced,1.0,O,38.0,1,,
37,4,forced,1.0,O,40.0,1,,
37,5,free,,Z,28.0,1,2.0,8995336909f80cbba9ee60a4475b3c3344f7a17eff232e8db9d42e0594b37ad3
38,1,forced,1.0,O,69.0,1,,
38,2,forced,1.0,O,71.0,1,,
38,3,forced,2.0,Z,49.0,1,,
38,4,forced,1.0,O,77.0,1,,
38,5,free,,O,75.0,1,1.0,561b5174cc73c6c7fe9ecfb87065c7afd185d3ccb53daeefd5abf741bd55aa76
39,1,forced,2.0,Z,53.0,6,,
39,2,forced,1.0,O,35.0,6,,
39,3,forced,1.0,O,44.0,6,,
39,4,forced,2.0,Z,46.0,6,,
39,5,free,,Z,47.0,6,2.0,59f0318cb557f862a4ac8639efb519a18bef36a81abb51960b947d4987f70eab
39,6,free,,Z,53.0,6,2.0,fafa887dc90e8b7709a4bafe1747d1323365937339578b1b3b56fa808ed5bffd
39,7,free,,Z,39.0,6,2.0,cc7f5ccb8d82026156ebb8d84fa6b3fcde17db11d77b6269d2825229dd50f0a0
39,8,free,,Z,66.0,6,2.0,8f12bac46df52e3529198927354bd35fd7a6bf22a3ea99468c82b8c1bc9cfad8
39,9,free,,Z,56.0,6,2.0,e9acaf4965b7c396809b36671911677606e79d1254ffac493e7a58a2625ac35f
39,10,free,,Z,38.0,6,2.0,5e407d024f0fba9c67671e53d053e1dec12cca8ff9dedbcdf72136f9ede10e54
40,1,forced,1.0,O,41.0,6,,
40,2,forced,1.0,O,66.0,6,,
40,3,forced,2.0,Z,51.0,6,,
40,4,forced,1.0,O,53.0,6,,
40,5,free,,O,55.0,6,1.0,b728bd87ac6b2c43cd3226fece514d68775decc44433c35667259e71a3690bb1
40,6,free,,O,41.0,6,1.0,0cfc77176033992c5b6a7f105aa354587c6fb3a1cff394012f6fbb528b5f0f34
40,7,free,,O,38.0,6,1.0,db04aa7817e553a5fe677a1803848957b699c3c91571fc066bdb17d68602c52b
40,8,free,,O,41.0,6,1.0,d4da3cb37c7c062b40af3fcbc7c3ce191ce0d6f2d240c84af856c87e0899b68d
40,9,free,,O,64.0,6,1.0,760268b0527c0626f7e05dc73a0e2bd4cb11a3a06b576a95b80d1fea759db4e0
40,10,free,,O,45.0,6,1.0,4832b5b6790448eb0ab3b146f3dec16091b835a8b1600318a7619aeeca38279c
41,1,forced,2.0,Z,38.0,1,,
41,2,forced,2.0,Z,51.0,1,,
41,3,forced,2.0,Z,55.0,1,,
41,4,forced,1.0,O,42.0,1,,
41,5,free,,Z,43.0,1,2.0,7ae4547a37b10cc4132e364a3a0cda65bfa1063060a7423305569e7c3a9944dc
42,1,forced,2.0,Z,29.0,1,,
42,2,forced,1.0,O,57.0,1,,
42,3,forced,1.0,O,56.0,1,,
42,4,forced,2.0,Z,39.0,1,,
42,5,free,,O,62.0,1,1.0,3c6e8306e5b632afff56e7836d792b9e95cce06bbc965fca5d312bcb9073c152
43,1,forced,2.0,Z,58.0,1,,
43,2,forced,2.0,Z,54.0,1,,
43,3,forced,2.0,Z,54.0,1,,
43,4,forced,1.0,O,45.0,1,,
43,5,free,,Z,55.0,1,2.0,384df420a45e3d90af9a9dae6da9b4659047fd16b5f81e28f28cf8894f7066c5
44,1,forced,2.0,Z,65.0,6,,
44,2,forced,1.0,O,40.0,6,,
44,3,forced,2.0,Z,50.0,6,,
44,4,forced,2.0,Z,54.0,6,,
44,5,free,,Z,55.0,6,2.0,ca13f089b153a462b920df69001553baa64cf02fe9c622313d94654726ea7250
44,6,free,,Z,59.0,6,2.0,5d94aa222b8d3efde807c14c20965af6cfb378735f62a33544ea8e69dbaebb23
44,7,free,,Z,61.0,6,2.0,407b53adc6a857126c4896deadec5fb15200dd70e796f7cce4d82068de2ff846
44,8,free,,Z,49.0,6,2.0,66db8a794b925b4409733365e954d1d8ea7a01365e79906c6d86a955d5a4163a
44,9,free,,Z,66.0,6,2.0,451fad048be6dbeaab3fd394bced8f5165f4a4311d83e069e74657d6941e1ff4
44,10,free,,Z,55.0,6,2.0,a741f85e49ebb13fdcd11f9dc1afbad76cb3f56bc9402038c7330f452a875d17
45,1,forced,1.0,O,50.0,1,,
45,2,forced,1.0,O,38.0,1,,
45,3,forced,1.0,O,32.0,1,,
45,4,forced,2.0,Z,80.0,1,,
45,5,free,,Z,79.0,1,2.0,14880269db5be0d89750a39659248d1d803de539ec66da4eaec59d9366f26164
46,1,forced,1.0,O,68.0,6,,
46,2,forced,2.0,Z,48.0,6,,
46,3,forced,1.0,O,58.0,6,,
46,4,forced,2.0,Z,27.0,6,,
46,5,free,,O,60.0,6,1.0,28692215a00af2743e4a0c7abed5558812c634b10af68fe88044f7c8cba0cd86
46,6,free,,O,57.0,6,1.0,88d60b5f8d38895e014cf6b9a8ade7cc7c1d2844a7f327916d40efe5463aa79e
46,7,free,,O,46.0,6,1.0,ba3e90ca5a9b17a76d32e6f84760624d75faaf38695e91337a1797c06cc497fe
46,8,free,,O,72.0,6,1.0,1e4989427155ce3ee396a76e7849d71aa2b209d4918567aad2db57905990a65a
46,9,free,,O,49.0,6,1.0,273c2aac99053db7ed8ea2843607a9dae7d5d20d69fcae4cde8e81d874619422
46,10,free,,O,60.0,6,1.0,b5e537fbd9fbb6986fbffb3c3146433313757c74065cc0c7210e7dc5d648db04
47,1,forced,2.0,Z,45.0,1,,
47,2,forced,1.0,O,54.0,1,,
47,3,forced,2.0,Z,32.0,1,,
47,4,forced,1.0,O,69.0,1,,
47,5,free,,O,71.0,1,1.0,15d62cdfc2870f3ff068c340b57f9212d7062bee60f70a0a47612f962587585c
48,1,forced,1.0,O,45.0,6,,
48,2,forced,2.0,Z,32.0,6,,
48,3,forced,2.0,Z,37.0,6,,
48,4,forced,2.0,Z,28.0,6,,
48,5,free,,O,32.0,6,1.0,694ca57a4b206cb025112878a0bd2d01d85a8d5adefeec982f7d6cd86d66ca06
48,6,free,,O,30.0,6,1.0,5792dfc518c9aefaa336e8e3a33f6654c616cfe8b6f07ea3a0f153b5f13916f3
48,7,free,,O,33.0,6,1.0,320454d427249d52a468527cf984ab529cff93c78206dbd6a7b9fb338d74b51f
48,8,free,,O,29.0,6,1.0,8ae8a5300b2f8a735460c7d5b2a290fd641c1c0b9688ccb7553e21c6252cca8f
48,9,free,,O,36.0,6,1.0,840f93ef257896fd225beb716ee498c86e648e62405e43dc45d9c0f0b46976fe
48,10,free,,O,22.0,6,1.0,e90b44aa660202cba5103cf020c6c2808e6934e261f75d7930f80ab9e19d651c
49,1,forced,2.0,Z,57.0,1,,
49,2,forced,2.0,Z,52.0,1,,
49,3,forced,1.0,O,38.0,1,,
49,4,forced,1.0,O,50.0,1,,
49,5,free,,Z,78.0,1,2.0,ec936c8c6e1a19974709377358b2537129ece4643225ec2c26244477672ee196
50,1,forced,2.0,Z,89.0,1,,
50,2,forced,1.0,O,59.0,1,,
50,3,forced,2.0,Z,89.0,1,,
50,4,forced,1.0,O,68.0,1,,
50,5,free,,Z,81.0,1,2.0,006a398486ba4425498db2eed2fdb236205174a2e0efd513c85316bcfa2d4e34
51,1,forced,1.0,O,36.0,6,,
51,2,forced,1.0,O,40.0,6,,
51,3,forced,2.0,Z,34.0,6,,
51,4,forced,2.0,Z,29.0,6,,
51,5,free,,O,28.0,6,1.0,d044f2b6945168864b11964f3d5a7df9b12a4c73ae2bbab826e7de2de78597ce
51,6,free,,O,30.0,6,1.0,894b2ea58e37be3327969ba0de964bb2721d676c13c005711e8c38501eeaf1f4
51,7,free,,O,36.0,6,1.0,a1f48121cdd69be6fc59b484dce37c79d93809a562808ec016034a58fb4a4fde
51,8,free,,O,34.0,6,1.0,ab982d96f663d3e1e51946042bca7cf25a3cad157a9bb42be0f4e0c7581666c6
51,9,free,,O,42.0,6,1.0,01b87fe1a2299918579435615bf7c3d15920e90c337b68e6343bf2982b7ecc41
51,10,free,,O,32.0,6,1.0,4a0f95ad8f5982f3dd7175cca40cb981c88b4cd4e2555217fa98f1f3b8f76052
52,1,forced,2.0,Z,43.0,6,,
52,2,forced,1.0,O,61.0,6,,
52,3,forced,2.0,Z,29.0,6,,
52,4,forced,2.0,Z,51.0,6,,
52,5,free,,O,59.0,6,1.0,b58da83992b11acd7a3e9b9c6124cf043e16950b3ec6819a03a6a5566903178f
52,6,free,,O,56.0,6,1.0,cb529f1d1cfaec944825c21b577ef60891545d9a881445adb6d4dc92b04fbda2
52,7,free,,O,49.0,6,1.0,99a3e277225a4b001ae8d58c90e455ea06fc3bf119052cff512a030ade5f0155
52,8,free,,O,63.0,6,1.0,a6442dc3ec559168ba8873993fe86a87cd3d57e963a0a1aa7ccde0b8e51c942b
52,9,free,,O,51.0,6,1.0,4a9ceaa107640bf3ef80b79b15b90e708aa5838ea442d02d513ac5eca49e666d
52,10,free,,O,57.0,6,1.0,17f0461b8c59b4ed038efd1c97f66159e0f4e4dd9c7ae095088ebf384848e967
53,1,forced,2.0,Z,73.0,1,,
53,2,forced,1.0,O,80.0,1,,
53,3,forced,2.0,Z,53.0,1,,
53,4,forced,2.0,Z,56.0,1,,
53,5,free,,O,84.0,1,1.0,0a476883195d43903c0ed2cfd2fece8b3dd5fd1f87842b684d6480a1d1214309
54,1,forced,2.0,Z,37.0,6,,
54,2,forced,1.0,O,57.0,6,,
54,3,forced,1.0,O,53.0,6,,
54,4,forced,1.0,O,47.0,6,,
54,5,free,,O,36.0,6,1.0,d0c062575692611eaef1a57a63eaacf6e8c349c9f15a1beb068751285aa6e8e5
54,6,free,,O,49.0,6,1.0,c25f6be7647346c67ce53f0fcac14a404971185e9849e7f5f2fd7382f8534088
54,7,free,,O,43.0,6,1.0,5f7ac4af1e694b5d790948b39ecdc61ab301bb898b5143ccf8b9c16a8bf3e001
54,8,free,,O,30.0,6,1.0,7ca11dd6c09def4036b748bd0c7f7c178d831758620758c02ad735c93757ed94
54,9,free,,O,50.0,6,1.0,2950d7657f5d8efece4ab9f2e72bbe06368b1c3ffede1aeab0527c83acd77390
54,10,free,,O,48.0,6,1.0,cb497b96ee6f8394e92186c232a6d5a548f21e67fd9b0ca482e0146c605ef9aa
55,1,forced,1.0,O,44.0,6,,
55,2,forced,1.0,O,29.0,6,,
55,3,forced,2.0,Z,18.0,6,,
55,4,forced,1.0,O,42.0,6,,
55,5,free,,O,35.0,6,1.0,043189b1b2e8e357ba6efb4ee5d964d701b9ffc117265f145aa9ec7e1f91e516
55,6,free,,O,37.0,6,1.0,c370d49ff8243d794176b3d32f8deb72fd803b006b87516c46d2d6963d466e6d
55,7,free,,O,39.0,6,1.0,e9ba74eb7b1b7c4b2abf91ff187437bd413b595c86f84c6a2b3599899d480ce3
55,8,free,,O,52.0,6,1.0,b595b2f5b6b23197fe498a185eb6cf2e03c7f870dffb4f2128da5a851c139496
55,9,free,,O,36.0,6,1.0,7a61f7bdfa4ce9d06904b24e9e26e3ee2440fa7e3ba219ac37ef35b7f8fbd66f
55,10,free,,O,31.0,6,1.0,060c0d97e8a61c7b5cda5682785d9646adf792763ce36ca19da6a118e20939db
56,1,forced,1.0,O,40.0,6,,
56,2,forced,2.0,Z,44.0,6,,
56,3,forced,1.0,O,47.0,6,,
56,4,forced,2.0,Z,64.0,6,,
56,5,free,,Z,51.0,6,2.0,fbcff9a233eaf1b97e1ff6f2d660e355da92582fe94389e729e611d15ddef856
56,6,free,,Z,60.0,6,2.0,3ba6e9a52d27d98f22f8d767be213a49d0a6eb1d420102cba7b838d2a26b36ae
56,7,free,,Z,59.0,6,2.0,4ab0928b622596027d5a3d56a82c6855bc7a32c984b8375516f0322c86b90da7
56,8,free,,Z,58.0,6,2.0,fc651f68ba01854786c331132d109644714564e53225a1bd50f8fd82078b9858
56,9,free,,Z,55.0,6,2.0,7549f7b60fd7cd06b3bbf496377f7650d7395c7e156f5356edcc576ddb7ad44b
56,10,free,,Z,74.0,6,2.0,e6513963f7155d03aa1df77bb128ecb4ac2212225a075f06473c91d79fc28be9
57,1,forced,1.0,O,36.0,1,,
57,2,forced,1.0,O,17.0,1,,
57,3,forced,1.0,O,10.0,1,,
57,4,forced,2.0,Z,36.0,1,,
57,5,free,,Z,38.0,1,2.0,0bd4ec1a5af722e334a669d5ba5eaff4ddb2351237ca330689eba3d089263cd8
58,1,forced,2.0,Z,67.0,1,,
58,2,forced,1.0,O,59.0,1,,
58,3,forced,1.0,O,56.0,1,,
58,4,forced,1.0,O,53.0,1,,
58,5,free,,Z,76.0,1,2.0,d2817c528d845bc2148ebec37e339991f08efb0bf585e6621e95abf312d47427
59,1,forced,1.0,O,33.0,1,,
59,2,forced,1.0,O,34.0,1,,
59,3,forced,1.0,O,37.0,1,,
59,4,forced,2.0,Z,56.0,1,,
59,5,free,,Z,64.0,1,2.0,95e7c2c093a94b6dc8899448680a08b6271607e66b675199ca1b16a8f37c5c62
60,1,forced,1.0,O,47.0,1,,
60,2,forced,1.0,O,57.0,1,,
60,3,forced,1.0,O,51.0,1,,
60,4,forced,2.0,Z,76.0,1,,
60,5,free,,Z,83.0,1,2.0,bae22e497af07c60fcf8903ebfd16a4765ec3353d1798f411dacae8dc16b973a
61,1,forced,1.0,O,81.0,6,,
61,2,forced,2.0,Z,55.0,6,,
61,3,forced,2.0,Z,59.0,6,,
61,4,forced,1.0,O,92.0,6,,
61,5,free,,O,92.0,6,1.0,89deccbfa5d679bd17bd265cf13c6aace6a866152387c04a85a201de3648bfd7
61,6,free,,O,105.0,6,1.0,a8fec6570602b3be946ad0c743a409fefe220f5ce94c6885c51ef52a7de9b551
61,7,free,,O,94.0,6,1.0,1dc4a42bc5a23b8aeb518127598867394fb1fc7382e5c6694641b05232e7f71a
61,8,free,,O,99.0,6,1.0,d9ba589fefc1accd21e43485fd318e06ef5e093e63b09e6d0a97a5c965e15e8e
61,9,free,,O,95.0,6,1.0,ce03d309b5ba56cedf60625a575dd34abd3e6103ab5c9ce6263b25903ad547d2
61,10,free,,O,96.0,6,1.0,d5230028ed695fa629d96a04ea95b1058bcee851858b81320d3a3ef6714e3f31
62,1,forced,1.0,O,39.0,6,,
62,2,forced,1.0,O,31.0,6,,
62,3,forced,2.0,Z,46.0,6,,
62,4,forced,2.0,Z,41.0,6,,
62,5,free,,Z,17.0,6,2.0,845925a8f99d2a327a4a34f4d4db42adab913380d3b23ad07385f601cb23d88c
62,6,free,,Z,25.0,6,2.0,99b0bce8ee5a865c63df9d2c55fdaa38a7dcd18c67405e56a65ba264e1b470ab
62,7,free,,Z,22.0,6,2.0,ea1d42cb1c215b9374c399b0a4c1408b384edf6ace55505ff5b31f23f4eb7479
62,8,free,,Z,33.0,6,2.0,0b43c7e0eecbdc0695f5ea07ccc876e04b84156e4346155083b4bcee769f4b8e
62,9,free,,Z,40.0,6,2.0,9af56e59aa1ec44dbe98be6fa2516ab245e9be56481fe0c848ea75a9f4889b09
62,10,free,,Z,26.0,6,2.0,7727939f729e842a3936bc9a31989287743075595d6be80c5117be4de3a4fd3d
63,1,forced,2.0,Z,70.0,1,,
63,2,forced,1.0,O,43.0,1,,
63,3,forced,1.0,O,43.0,1,,
63,4,forced,2.0,Z,71.0,1,,
63,5,free,,Z,70.0,1,2.0,605eb7c6dc3d36ab9d303f3270eb8ec9844827974f0d5aa197e18815e6803fb1
64,1,forced,1.0,O,97.0,1,,
64,2,forced,1.0,O,81.0,1,,
64,3,forced,2.0,Z,56.0,1,,
64,4,forced,2.0,Z,57.0,1,,
64,5,free,,O,68.0,1,1.0,7b2d3573f370eef9ca674aecf3438c83736cb15a10d436d02ca2d417c7a8880a
65,1,forced,1.0,O,66.0,1,,
65,2,forced,1.0,O,53.0,1,,
65,3,forced,1.0,O,72.0,1,,
65,4,forced,2.0,Z,73.0,1,,
65,5,free,,O,70.0,1,1.0,b688f3f9b31e52f94fde88578a82b13dcbb9293493d8c3ca51d4fe7a7eb1b8c5
66,1,forced,2.0,Z,63.0,1,,
66,2,forced,2.0,Z,62.0,1,,
66,3,forced,1.0,O,92.0,1,,
66,4,forced,1.0,O,99.0,1,,
66,5,free,,O,97.0,1,1.0,9fe3d7c326ba4687bb271ef11c723832e86ac99334c9a9e2b7782911ade82aec
67,1,forced,1.0,O,44.0,6,,
67,2,forced,1.0,O,56.0,6,,
67,3,forced,2.0,Z,44.0,6,,
67,4,forced,2.0,Z,48.0,6,,
67,5,free,,O,55.0,6,1.0,6e8d200793a7da6710357e43550575c9f2578d6502f2035369eb76a0881e6b88
67,6,free,,O,66.0,6,1.0,e2e6620234562004e6046ed957e2b716bd9f03088191de664ce02c09f5c726a8
67,7,free,,O,50.0,6,1.0,72388804e7729a23e9ffb6fe6c3afe7a54e067d8e0a2bffcf8c97065feac69f2
67,8,free,,O,43.0,6,1.0,bf0fe493d6405bb8cef453e3f61974e204f4763029c688d6465c460801601598
67,9,free,,O,62.0,6,1.0,8807a1fe1a6b0dc767914fc8ef227a459f522bed375c0ca6c04cabb417d15082
67,10,free,,O,63.0,6,1.0,e00a986e3a0ef7370700de560a5c4051aeadb2c56914acc19c250534d220ffa5
68,1,forced,2.0,Z,83.0,6,,
68,2,forced,1.0,O,50.0,6,,
68,3,forced,2.0,Z,62.0,6,,
68,4,forced,1.0,O,77.0,6,,
68,5,free,,Z,70.0,6,2.0,531a077fa628d46c040ff1bb883e3546c1899488b1c6f730b9dfa98913d3aa2d
68,6,free,,Z,86.0,6,2.0,85554eedccfc437b36b58efaedf23faa13b70ea5b23bd58586bf71b3e7627f24
68,7,free,,Z,79.0,6,2.0,0d22811834194f17ef9a3272d2a4f3e8130a51b3a517e3c1474c9cc87977df73
68,8,free,,Z,82.0,6,2.0,0a643b743bd3c7a007cc695339fe38a3687d109bdee6fa5270b23f3ae8010987
68,9,free,,Z,74.0,6,2.0,64f5fce22e89167371caefe7347288d24a3c26ca8854256af9d6c640bf7d292c
68,10,free,,Z,89.0,6,2.0,9f9df6501781d57b1a9373b5a2fa07d3823f8ae4dde0b971cbf0a8d443ef9b4a
69,1,forced,2.0,Z,65.0,6,,
69,2,forced,1.0,O,80.0,6,,
69,3,forced,1.0,O,77.0,6,,
69,4,forced,1.0,O,78.0,6,,
69,5,free,,O,75.0,6,1.0,86f16006a9ebdf5c5ff783a90aa54f32eef76c1a0fdb71fdbda3110624d2e8e2
69,6,free,,O,75.0,6,1.0,19ab0e6c78bdce1ae24019b2320a14ce105749d87eaab59ab0e6a2c321f95f3d
69,7,free,,O,77.0,6,1.0,f8f7422d9f8adc94fc302fe1cc21760e4da9b293f6b6a2bfe467ebc07a96eba8
69,8,free,,O,82.0,6,1.0,7dabe2d1aae0d50ffdfd206c4659c435d11734b6d4cb04948c290ea16b31bca1
69,9,free,,O,68.0,6,1.0,5b6f9f20b40c5f1fc97c02b6e4f1a6b5d3e88b4864be144575968810a840d6df
69,10,free,,O,74.0,6,1.0,54c116594ee0811c050fbd47cf3c2d19a4841f0bb7a3183d8b1232d8a1804447
70,1,forced,1.0,O,41.0,1,,
70,2,forced,1.0,O,37.0,1,,
70,3,forced,2.0,Z,29.0,1,,
70,4,forced,1.0,O,36.0,1,,
70,5,free,,O,50.0,1,1.0,ac098f1a5f2710b48d7447507b52a28da97e41ecba5bc5cddd42ae6b99dc1ca9
71,1,forced,1.0,O,61.0,1,,
71,2,forced,2.0,Z,42.0,1,,
71,3,forced,2.0,Z,31.0,1,,
71,4,forced,2.0,Z,41.0,1,,
71,5,free,,O,59.0,1,1.0,80a9f874dd4369bf7081bd93523651e55e483b1e1f31360194683212a367ae4b
72,1,forced,1.0,O,48.0,1,,
72,2,forced,1.0,O,29.0,1,,
72,3,forced,2.0,Z,48.0,1,,
72,4,forced,2.0,Z,31.0,1,,
72,5,free,,Z,25.0,1,2.0,552394a024e8d375f0378ddbee835e104ac2cbe6563eca289693a00d32ea97a3
73,1,forced,2.0,Z,40.0,1,,
73,2,forced,1.0,O,25.0,1,,
73,3,forced,2.0,Z,39.0,1,,
73,4,forced,2.0,Z,41.0,1,,
73,5,free,,Z,49.0,1,2.0,8609dac8dff7fabf9ac065686a7034ad2b9a04f7c83619980f0cc5dbf8069372
74,1,forced,1.0,O,30.0,1,,
74,2,forced,2.0,Z,66.0,1,,
74,3,forced,1.0,O,45.0,1,,
74,4,forced,2.0,Z,47.0,1,,
74,5,free,,Z,79.0,1,2.0,c95c0f0d3dea11177809df8fd40cac0874b4184df5c245238b59675dc55cef19
75,1,forced,1.0,O,12.0,1,,
75,2,forced,2.0,Z,35.0,1,,
75,3,forced,1.0,O,13.0,1,,
75,4,forced,2.0,Z,37.0,1,,
75,5,free,,Z,40.0,1,2.0,3535e1b461700772ebe7784613e5d742ace6ba8eb4e04b89d5b1e38fcd060146
76,1,forced,1.0,O,62.0,6,,
76,2,forced,1.0,O,64.0,6,,
76,3,forced,2.0,Z,80.0,6,,
76,4,forced,2.0,Z,76.0,6,,
76,5,free,,Z,77.0,6,2.0,f878f635fe58b895a867787ca61caedb1f58316afe7b37f71c5b6b54d033c372
76,6,free,,Z,63.0,6,2.0,b4a6a733d5630bd331a6f90fa22d5e053873e33b3146ed77087cbae8a0a98056
76,7,free,,Z,85.0,6,2.0,6039cc0c66fbef74cc6fbe40c6643f1bbf147132a2051a86c8bc80b0aaef27d2
76,8,free,,Z,80.0,6,2.0,577c985b97bd0dfd70e7cc8ae2ac98bd6857632f944261ad5f4522d63ff8c518
76,9,free,,Z,83.0,6,2.0,a55f3b6c7a262076f5279ca861102a107e15984ce462f167e0fe1351a7d0e7a6
76,10,free,,Z,78.0,6,2.0,54e5dd228b0cdc18c7344fb9a13460aaaa632da44bd41a591d96ac2d7c03a67f
77,1,forced,2.0,Z,43.0,1,,
77,2,forced,1.0,O,73.0,1,,
77,3,forced,2.0,Z,26.0,1,,
77,4,forced,1.0,O,59.0,1,,
77,5,free,,O,69.0,1,1.0,d339af26abd0ebc41c4723208c9b499d8361fecccff48debe0e380fb9dcab5a0
78,1,forced,1.0,O,39.0,6,,
78,2,forced,1.0,O,36.0,6,,
78,3,forced,2.0,Z,64.0,6,,
78,4,forced,2.0,Z,62.0,6,,
78,5,free,,Z,54.0,6,2.0,583b4220d734b43fce4feb192d302d7b7e18816945a42d57492bc4dfbb3b9b49
78,6,free,,Z,74.0,6,2.0,ed932bc855740969f1bd8f32d05aa3b2bdcc4783b85f5678abe6afd0721bc9d6
78,7,free,,Z,69.0,6,2.0,c396ca221ac278477dc7865c5f1d7afa2efe3c5f5fec3352bf88928ced1996cf
78,8,free,,Z,64.0,6,2.0,e0778d05b32d81f560b30ce41aa501276a1fa10a389d6dfb027b8c66499084e7
78,9,free,,Z,69.0,6,2.0,fbb523d1adfa17e41184ff9f669b416e91917de1e088e09dfebec8a9fe0b4c09
78,10,free,,Z,61.0,6,2.0,a471a6a16b4316d85167ae6946bef2bfdd0bb99d258619bc670ac6d4db676180
79,1,forced,1.0,O,29.0,1,,
79,2,forced,2.0,Z,47.0,1,,
79,3,forced,1.0,O,32.0,1,,
79,4,forced,2.0,Z,63.0,1,,
79,5,free,,Z,47.0,1,2.0,11fb913440ff91a98a0f1baa8979006ee62a7e6e20131cf9a812c5da5a793938
80,1,forced,1.0,O,59.0,1,,
80,2,forced,1.0,O,40.0,1,,
80,3,forced,2.0,Z,60.0,1,,
80,4,forced,1.0,O,67.0,1,,
80,5,free,,O,49.0,1,1.0,06484c0931a518ddae1c053c5ee9ecbb1fc1c69e9d229f440020add9d87e901f
81,1,forced,2.0,Z,62.0,1,,
81,2,forced,1.0,O,54.0,1,,
81,3,forced,2.0,Z,63.0,1,,
81,4,forced,1.0,O,44.0,1,,
81,5,free,,Z,56.0,1,2.0,7d9c08b360a0393cd2c2a213bafa053e24ffe465aa032f5776ce6cfe1f45ee59
82,1,forced,1.0,O,32.0,6,,
82,2,forced,2.0,Z,30.0,6,,
82,3,forced,2.0,Z,28.0,6,,
82,4,forced,1.0,O,51.0,6,,
82,5,free,,O,44.0,6,1.0,796d67cb8a1f074aafd98bbb4ed467f12ff59cf2af3a16c8de7f16d25b4208c4
82,6,free,,O,38.0,6,1.0,20c8d91ce3067531931749650fcbe30778a654126a9ef1bf1193156bee93dcac
82,7,free,,O,40.0,6,1.0,9dbcbf8824e911b194a2fc24e7c8d987229bb3a8fbdf64e8f0f465c8d9afb7bf
82,8,free,,O,39.0,6,1.0,9e7677ce1a5a91c7ed5bcdc7d9d279128c4100411ba281e8356cf9ceca86d59f
82,9,free,,O,26.0,6,1.0,2c34651ceba506fbeefc49da28df03e1b9f8af14701f1644190c506b02676594
82,10,free,,O,43.0,6,1.0,3106a5023e794d980adbbceb0b255c8538fb1c29f5570fd256288e5425c0503c
83,1,forced,2.0,Z,62.0,6,,
83,2,forced,2.0,Z,61.0,6,,
83,3,forced,2.0,Z,64.0,6,,
83,4,forced,1.0,O,33.0,6,,
83,5,free,,Z,71.0,6,2.0,e4a0cf90b2232ed1ed39ea43e5e0b4b033f8ac79c49179c5cfce16002dafc070
83,6,free,,Z,66.0,6,2.0,13e0c7df4f67f89030ea41b49cdf97dbee6ff20880887bb31ba4e83d9b67acb0
83,7,free,,Z,84.0,6,2.0,86fa5bc29b951f5dfc129a57d140eb29ee00e66ba5ec985b99db6fc862997efe
83,8,free,,Z,81.0,6,2.0,4c716ebf6db0709ed852604e56dcebfbe209daf92f79d9e24f275e86d7c2b16d
83,9,free,,Z,72.0,6,2.0,4dd5b7ac5c94097af2bcc31baa8fdbe566894b0664d66429de758f4388dc90f8
83,10,free,,Z,65.0,6,2.0,9b19b1be9b4f2a05d7489ffd4d1bdec0b10b4b6afc7a473e9090c214f77df6cd
84,1,forced,1.0,O,80.0,6,,
84,2,forced,1.0,O,73.0,6,,
84,3,forced,2.0,Z,63.0,6,,
84,4,forced,2.0,Z,58.0,6,,
84,5,free,,O,56.0,6,1.0,391fdf69d3d747150646ffcf6b1c3b75bb0ac5d0ad304540487cc539a1b2f55c
84,6,free,,O,72.0,6,1.0,714b2bee259440f0875056d4478afc4e4bea95caba84a73febb8a06e284987e5
84,7,free,,O,77.0,6,1.0,2dd9e3b39bcacad5550b4b53992750e71fc8ae332ddfdbe9b48286fc7c1a63be
84,8,free,,O,76.0,6,1.0,7899583294d496b117c8dfd9cfc1cf080cec99af7c4e13231db5c61d31c3c27d
84,9,free,,O,90.0,6,1.0,c846de0846d693f6ef6ac59d474bfd772c4e93aa53233fee5d3d96f0339d7461
84,10,free,,O,70.0,6,1.0,8e2aa5221643724a0318f49da643b8b01abc04fe40c5f92068548a7fbe0323de
85,1,forced,2.0,Z,25.0,6,,
85,2,forced,1.0,O,43.0,6,,
85,3,forced,2.0,Z,5.0,6,,
85,4,forced,2.0,Z,14.0,6,,
85,5,free,,O,30.0,6,1.0,36f60a29193bae0618ac54e8bec7b62c57c21197f87636c9f427ccd6984b87b2
85,6,free,,O,44.0,6,1.0,584948c0927ca5cb311e8b8f23edc5fa4dbdce7a77888aa1d24497b9c5c05584
85,7,free,,O,44.0,6,1.0,1cec125f91247bae10158181d430b234a1d96354595b28f8098876d7815e3e3e
85,8,free,,O,42.0,6,1.0,83a514411bb2dbf207ae1931687c4db2eedaf4dff2b96c0f33445431a074222d
85,9,free,,O,33.0,6,1.0,a3623f5f8c0b611ace0ab7937d2b66aa500427b3e26d9e586e1785e39863c9ce
85,10,free,,O,32.0,6,1.0,c994d8f534c7ada6e9732e8f935050e62bce019d14518db60bafdfe54c3a068d
86,1,forced,2.0,Z,54.0,1,,
86,2,forced,1.0,O,39.0,1,,
86,3,forced,2.0,Z,62.0,1,,
86,4,forced,1.0,O,29.0,1,,
86,5,free,,Z,72.0,1,2.0,6fb3750189e00e16384eef217b0ec72f96e9157ebfffaf7cbad783f5c701d06d
87,1,forced,2.0,Z,64.0,6,,
87,2,forced,1.0,O,78.0,6,,
87,3,forced,2.0,Z,63.0,6,,
87,4,forced,1.0,O,72.0,6,,
87,5,free,,O,61.0,6,1.0,8188ca80f8b5cd822d5c59257b9780727c81b87a7321c5d3829770b488e8dd20
87,6,free,,O,71.0,6,1.0,c6e8d9f64d098b4629e87e6bb431e15476c0c15eb60e3b5f37c8971c775a5b95
87,7,free,,O,69.0,6,1.0,dae2e2de6c16fb4f808734acd47472c941e091f10123a2b93bf53fe03667a598
87,8,free,,O,66.0,6,1.0,088eb1b751dd8aff4fbe8b1118e19cba2077b1470459a11fc1596077c2700061
87,9,free,,O,77.0,6,1.0,1655e4bff1774011ee0e775f5ed5491dad20255928710349caae1bfcdeb88015
87,10,free,,O,57.0,6,1.0,519fdf67eedcf2fc4beb3cc3d0b73ef4fb4647d358cdea26145fb671ed99d9d4
88,1,forced,2.0,Z,60.0,1,,
88,2,forced,2.0,Z,62.0,1,,
88,3,forced,1.0,O,57.0,1,,
88,4,forced,2.0,Z,61.0,1,,
88,5,free,,Z,54.0,1,2.0,ac5aa2fb297287238e3e59bfc010c9b0492612981fefb8206ee943d15cc15a7b
89,1,forced,1.0,O,23.0,6,,
89,2,forced,2.0,Z,28.0,6,,
89,3,forced,2.0,Z,2.0,6,,
89,4,forced,2.0,Z,34.0,6,,
89,5,free,,Z,31.0,6,2.0,a1fe68a7860ec4ffe6c3a6b7442c5f3f9ad4e06615266ef7564a6ec9f9da331a
89,6,free,,Z,12.0,6,2.0,1f8e5b832632cce14e37a7ed0b28e11a30d9a59e64b69f3cc7a019f6d97be1d7
89,7,free,,O,42.0,6,1.0,cace627f876bfdfd27915bc49e13bf7d401ee79c71183b653c22aefe77796b41
89,8,free,,Z,18.0,6,2.0,ddd13911de03a03d59a7292c2fc79d84eddce7b6866c101b2de74b39161c2d05
89,9,free,,Z,25.0,6,2.0,7a815a80112b823295d40d6c3720fb4c5e47aa577b63dab570a225b82adcc25f
89,10,free,,O,36.0,6,1.0,2e871667a4692a73597208a614438e920afa9b23f49ad36ab6e340ac32e542c4
90,1,forced,2.0,Z,40.0,6,,
90,2,forced,2.0,Z,35.0,6,,
90,3,forced,1.0,O,48.0,6,,
90,4,forced,2.0,Z,29.0,6,,
90,5,free,,O,50.0,6,1.0,1e729d8ce8864163ec731500f65c176226bfd7356efdfe2c2d680abd09718911
90,6,free,,O,38.0,6,1.0,9709c4489f41b8be2215bb23eb67ece5b7bea88a0f2358ed3333397c26574e59
90,7,free,,O,50.0,6,1.0,acd865df4f70dd70e1c56f5c3f6f8f2e71e4f89b9ad6d4b3e8b74f3179b6929c
90,8,free,,O,31.0,6,1.0,a7b48f4c600aec471300aa1f26f6fc9e2de61e2623f0c46ff1576cb914990928
90,9,free,,O,50.0,6,1.0,2e79a845c14a656af1f0f181595c48c3643fdbfa2207d0e6877306d7cd02ec97
90,10,free,,O,43.0,6,1.0,d13a4a634c4b3812a1410dc9b795ccde1979380aeb4375eb2ce01c25feadc5b7
91,1,forced,2.0,Z,84.0,6,,
91,2,forced,1.0,O,50.0,6,,
91,3,forced,2.0,Z,98.0,6,,
91,4,forced,1.0,O,73.0,6,,
91,5,free,,Z,87.0,6,2.0,3aafbe05f2ed2ef3aeecf0ac769ec9aff091661f6d1678ee379b651d983e2c6f
91,6,free,,Z,84.0,6,2.0,1b3cd005b7ff2b427a6bca0eebab0315d9645845e6b797ece6b607c463cd6904
91,7,free,,Z,99.0,6,2.0,86220ab69a35719ea7ce697f487a7fb3f8ab38417609fcb92df2fc97e5b94f8b
91,8,free,,Z,94.0,6,2.0,8d738ac6f240daf68b00a825e5e763aa0ba9da577f5f0e128d2b8c5e48c8d56d
91,9,free,,Z,99.0,6,2.0,f3750f714a3631f355e6baec44b9ff1a64e9f535da4b05f81f5425ecd0125758
91,10,free,,Z,89.0,6,2.0,2c313c0e2ef969e5bc8fbee15cd0b1cb939a2a5ba9fdde3c483cafacfff3a61d
92,1,forced,2.0,Z,78.0,1,,
92,2,forced,1.0,O,59.0,1,,
92,3,forced,1.0,O,58.0,1,,
92,4,forced,1.0,O,54.0,1,,
92,5,free,,Z,71.0,1,2.0,f0deaee78156c5fe0987608bb2b802a288564ee0a4f2164d485cc1d88bdded05
93,1,forced,2.0,Z,31.0,1,,
93,2,forced,1.0,O,45.0,1,,
93,3,forced,1.0,O,48.0,1,,
93,4,forced,2.0,Z,38.0,1,,
93,5,free,,O,39.0,1,1.0,49c83f8c02c0039bfde7f4826cf6259e0d24e36f49a7362fe8cd030a9bd0b38c
94,1,forced,1.0,O,45.0,1,,
94,2,forced,2.0,Z,63.0,1,,
94,3,forced,1.0,O,53.0,1,,
94,4,forced,1.0,O,52.0,1,,
94,5,free,,Z,59.0,1,2.0,33670d819e357960383c5af9c0ac79c8686fb04042c8c4eac4986f2106b61399
95,1,forced,1.0,O,49.0,1,,
95,2,forced,2.0,Z,69.0,1,,
95,3,forced,2.0,Z,58.0,1,,
95,4,forced,1.0,O,54.0,1,,
95,5,free,,Z,48.0,1,2.0,ac4b405be2828c93efd99b20b788b658d4fa63bd587fdf02ebe4446f9e2abdde
96,1,forced,1.0,O,42.0,1,,
96,2,forced,1.0,O,30.0,1,,
96,3,forced,1.0,O,33.0,1,,
96,4,forced,2.0,Z,24.0,1,,
96,5,free,,O,34.0,1,1.0,86c37af498dea19ba5355ae8824b1c2fe9c3ebe9fdb1f443f848635e2bdadb2c
97,1,forced,1.0,O,26.0,1,,
97,2,forced,2.0,Z,66.0,1,,
97,3,forced,2.0,Z,54.0,1,,
97,4,forced,2.0,Z,66.0,1,,
97,5,free,,Z,58.0,1,2.0,2fe036b3dec0382194aedf5373a29370acdb8a72420376773983ee3ed3b6baf8
98,1,forced,2.0,Z,78.0,6,,
98,2,forced,2.0,Z,41.0,6,,
98,3,forced,2.0,Z,82.0,6,,
98,4,forced,1.0,O,78.0,6,,
98,5,free,,Z,67.0,6,2.0,88a45604d3964c6a0c13f5d19e0c1cb1a8d6931b7eb22f1c616e2f16e3273db5
98,6,free,,Z,47.0,6,2.0,77616f8495cab3d1dd89593496657ee833a58a7c95f1b283fbc6720fb353c369
98,7,free,,Z,79.0,6,2.0,fed621d6e80c4347d3041531ffac8f80623b4229ed431af5c58e49b9091efbe9
98,8,free,,Z,50.0,6,2.0,6a4b45a9eb8bf2a044a7a3960420862348c5e06980644558651744261978adf6
98,9,free,,Z,65.0,6,2.0,f89cee37a1af61aab834876033bda8b7795c475db1ddb77fc385ed1ce3c7b0ec
98,10,free,,Z,55.0,6,2.0,f0451d0513490ac669f5305fcac8dc8914b8baaf3aec690cd45bf426adbfee78
99,1,forced,1.0,O,69.0,6,,
99,2,forced,1.0,O,58.0,6,,
99,3,forced,1.0,O,55.0,6,,
99,4,forced,2.0,Z,72.0,6,,
99,5,free,,Z,69.0,6,2.0,8b568b2b743ecb1d527d33f3ddd2206c65aa6e57bc285c99bd88e0186f2387c6
99,6,free,,O,49.0,6,1.0,44bb6c60557c20ab484c511f8c36ad186b4f07f763d044cbb849de23b013f755
99,7,free,,O,51.0,6,1.0,201256e0f02fb2f33a78ae1708af236f9ed0b40cbb0e46416d0c1465904a8d58
99,8,free,,Z,61.0,6,2.0,e6419f1eb750b2159ed2e1c3adc574ac665375e87b3067f5f7aad4a9783bfdfd
99,9,free,,O,59.0,6,1.0,1d824a57ddc3ee95431b7b4147a7f88dd5a75f7358b0c87d7e72ea2d9317e6fb
99,10,free,,Z,73.0,6,2.0,ee27c0763e70b604f8305cb52f97daf45937484c5443d337336ae6a47b8391a9
100,1,forced,1.0,O,58.0,6,,
100,2,forced,2.0,Z,78.0,6,,
100,3,forced,1.0,O,70.0,6,,
100,4,forced,2.0,Z,77.0,6,,
100,5,free,,O,34.0,6,1.0,5d87e2f79821438f29b278399f885de459dfcbc86f50564f8dccb97be7cfe7a9
100,6,free,,Z,66.0,6,2.0,e5573d7d17d41118bce5ea32bfebb0d6a11aff434ed43c42c3cf30cd3ca64340
100,7,free,,O,52.0,6,1.0,4680dd282b42a5e75abc1c530e6a642abd21e6efb77c2e5c13962977aec3b570
100,8,free,,Z,71.0,6,2.0,726fb77838abcc3164c303e14bad8bbc15502bb1e59f1575ba307ae05ec0df11
100,9,free,,Z,74.0,6,2.0,13662f5941f2ba21dafdc787fe040486c544d7eca7d4444b200f9e0db158a300
100,10,free,,Z,72.0,6,2.0,5387f28dd9a5a1e898e9645923711016c6cd0abd24ae4310e63499627301beb1
